2053
2043
2052
2061
2057
2049
2064
2063
2049
2056
2046
2050
2051
2055
2055
2058
2059
2060
2040
2042
2051
2043
2047
2051
2061
2041
2058
2049
2061
2049
2042
2052
2036
2051
2071
2057
2043
2036
2051
2048
2072
2053
2054
2061
2048
2043
2052
2047
2051
2045
2043
2046
2069
2037
2060
2054
2068
2044
2033
2044
2044
2057
2040
2027
2031
2034
2041
2035
2020
2014
1984
1961
1981
2142
2318
2347
2293
2135
1961
1887
1904
1959
2003
2027
2033
2051
2073
2059
2045
2048
2043
2041
2042
2042
2038
2030
2025
2020
2016
2021
2014
2027
2021
2022
2039
2045
2061
2015
1893
1565
840
161
819
2422
3405
3568
4112
4112
4115
2877
1557
1127
1169
1321
1500
1639
1744
1820
1864
1901
1905
1946
1970
1982
1997
1998
2041
2048
2031
2047
2056
2050
2048
2048
2066
2052
2043
2016
2006
2008
2120
2336
2400
2331
2163
1912
1818
1890
1980
2020
2044
2062
2067
2053
2052
2042
2035
2030
1999
1987
1981
2037
2239
2429
2437
2310
2128
1866
1753
1825
1906
1972
2014
2051
2050
2070
2040
2043
2061
2047
2031
2046
2055
2044
2032
2032
2028
2032
2018
2024
2021
2012
2031
2057
2054
2067
2068
2025
1839
1384
616
402
1477
2879
3417
3446
4131
4127
3674
2054
1346
1214
1307
1456
1603
1717
1804
1858
1886
1909
1920
1935
1983
1983
2004
2003
2021
2025
2042
2058
2055
2061
2046
2051
2047
2038
2020
1985
1973
2043
2257
2407
2346
2240
2050
1886
1859
1928
1994
2021
2041
2056
2052
2042
2030
2041
2004
1984
1951
1948
2070
2292
2392
2348
2205
1933
1823
1868
1939
2000
2021
2046
2069
2080
2056
2048
2059
2046
2045
2032
2050
2051
2029
2032
2040
2040
2025
2033
2030
2040
2039
2067
2081
2079
2024
1879
1502
840
670
1639
2860
3475
3935
4119
3550
1951
1346
1303
1427
1594
1713
1812
1877
1908
1931
1952
1968
1979
2002
1999
2015
2038
2027
2033
2057
2056
2058
2055
2056
2062
2044
2057
2062
2059
2056
2052
2049
2055
2045
2062
2061
2050
2055
2066
2044
2042
2060
2058
2061
2050
2061
2069
2051
2071
2056
2049
2049
2046
2039
2051
2054
2048
2055
2056
2041
2040
2046
2057
2057
2054
2058
2056
2061
2055
2051
2042
2039
2035
2046
2057
2056
2060
2046
2049
2049
2048
2055
2040
2050
2052
